head_exit=0
current_exit=0
--- head/batch_summary.csv
+++ current/batch_summary.csv
@@ -1,18 +1,18 @@
 group,t_start_beijing,t_end_beijing,hours,n_jump,n_pts,n_inference_pts,A,u_A,A_over_uA,r,p,tide_rms_hz,noise_std_hz
-1,2026-06-29T10:06:29,2026-06-30T04:59:57,18.891,0,112,56,-0.9055,0.3575,-2.53,-0.3022,0.0236,9.391e-04,2.670e-03
-2,2026-06-30T12:00:05,2026-06-30T20:11:25,8.189,2,48,24,-0.5361,0.5211,-1.03,-0.4431,0.0301,6.138e-04,2.171e-03
-3,2026-07-01T15:58:43,2026-07-02T03:53:33,11.914,3,70,35,-0.9970,0.3476,-2.87,-0.4390,0.0083,1.109e-03,2.836e-03
-4,2026-07-02T14:00:01,2026-07-03T07:51:20,17.856,2,106,53,-0.2759,0.3452,-0.80,-0.0646,0.6461,9.640e-04,2.403e-03
-5,2026-07-03T17:34:22,2026-07-03T22:59:53,5.426,0,31,16,-1.8465,1.0517,-1.76,-0.4523,0.0786,7.435e-04,3.532e-03
-6,2026-07-04T19:30:47,2026-07-05T09:59:46,14.483,0,85,43,-0.1611,0.3673,-0.44,0.1277,0.4144,7.804e-04,1.943e-03
-7,2026-07-05T13:00:32,2026-07-05T23:59:17,10.979,0,64,32,-0.6182,0.6602,-0.94,0.0398,0.8289,6.794e-04,2.539e-03
-8,2026-07-06T21:45:49,2026-07-07T09:51:53,12.101,1,71,36,0.3850,1.0471,0.37,-0.0142,0.9347,6.872e-04,5.241e-03
-9,2026-08-07T15:15:03,2026-08-07T21:29:58,6.249,0,36,18,2.5672,3.2562,0.79,0.1603,0.5252,1.658e-04,2.841e-03
-10,2026-08-07T22:15:02,2026-08-08T14:20:39,16.094,2,95,48,-0.8979,0.6135,-1.46,-0.1810,0.2183,7.629e-04,2.886e-03
-11,2026-08-09T00:00:05,2026-08-09T09:57:08,9.951,2,58,29,-0.8571,2.1779,-0.39,-0.0759,0.6956,3.862e-04,4.185e-03
-12,2026-08-10T12:47:27,2026-08-10T23:59:52,11.207,0,66,33,-0.2258,0.5757,-0.39,-0.1472,0.4135,1.269e-03,4.146e-03
-13,2026-08-11T05:30:06,2026-08-12T23:59:59,42.498,0,253,127,-0.3149,0.3167,-0.99,-0.0382,0.6701,1.192e-03,4.031e-03
-14,2026-08-13T18:56:58,2026-08-14T14:00:35,19.061,3,113,57,-1.0820,0.2817,-3.84,-0.5059,0.0001,9.178e-04,2.479e-03
-15,2026-08-21T00:40:03,2026-08-21T16:40:51,16.014,0,95,48,0.1484,0.8700,0.17,0.0838,0.5713,4.996e-04,3.415e-03
-16,2026-08-21T23:20:03,2026-08-23T16:20:42,41.011,0,245,123,-0.0425,0.5429,-0.08,0.0226,0.8042,5.382e-04,3.287e-03
-17,2026-08-25T15:10:11,2026-08-26T09:29:53,18.329,0,108,54,-0.1530,0.5390,-0.28,-0.0831,0.5504,7.299e-04,2.689e-03
+1,2026-06-29T10:06:29,2026-06-30T04:59:57,18.891,0,112,56,-0.9055,0.3579,-2.53,-0.3018,0.0238,9.391e-04,2.673e-03
+2,2026-06-30T12:00:05,2026-06-30T20:11:25,8.189,2,48,24,-0.5355,0.5211,-1.03,-0.4433,0.0300,6.138e-04,2.173e-03
+3,2026-07-01T15:58:43,2026-07-02T03:53:33,11.914,3,70,35,-0.9970,0.3479,-2.87,-0.4387,0.0084,1.109e-03,2.838e-03
+4,2026-07-02T14:00:01,2026-07-03T07:51:20,17.856,2,106,53,-0.2759,0.3454,-0.80,-0.0644,0.6470,9.640e-04,2.404e-03
+5,2026-07-03T17:34:22,2026-07-03T22:59:53,5.426,0,31,16,-1.8466,1.0520,-1.76,-0.4523,0.0786,7.435e-04,3.533e-03
+6,2026-07-04T19:30:47,2026-07-05T09:59:46,14.483,0,85,43,-0.1609,0.3678,-0.44,0.1282,0.4127,7.804e-04,1.945e-03
+7,2026-07-05T13:00:32,2026-07-05T23:59:17,10.979,0,64,32,-0.6181,0.6610,-0.94,0.0404,0.8263,6.794e-04,2.542e-03
+8,2026-07-06T21:45:49,2026-07-07T09:51:53,12.101,1,71,36,0.3847,1.0467,0.37,-0.0145,0.9330,6.872e-04,5.243e-03
+9,2026-08-07T15:15:03,2026-08-07T21:29:58,6.249,0,36,18,2.5657,3.2603,0.79,0.1599,0.5263,1.658e-04,2.844e-03
+10,2026-08-07T22:15:02,2026-08-08T14:20:39,16.094,2,95,48,-0.8980,0.6142,-1.46,-0.1807,0.2189,7.629e-04,2.889e-03
+11,2026-08-09T00:00:05,2026-08-09T09:57:08,9.951,2,58,29,-0.8573,2.1806,-0.39,-0.0758,0.6960,3.862e-04,4.189e-03
+12,2026-08-10T12:47:27,2026-08-10T23:59:52,11.207,0,66,33,-0.2258,0.5763,-0.39,-0.1474,0.4130,1.269e-03,4.150e-03
+13,2026-08-11T05:30:06,2026-08-12T23:59:59,42.498,0,253,127,-0.3149,0.3170,-0.99,-0.0380,0.6717,1.192e-03,4.034e-03
+14,2026-08-13T18:56:58,2026-08-14T14:00:35,19.061,3,113,57,-1.0820,0.2820,-3.84,-0.5056,0.0001,9.178e-04,2.482e-03
+15,2026-08-21T00:40:03,2026-08-21T16:40:51,16.014,0,95,48,0.1487,0.8709,0.17,0.0840,0.5704,4.996e-04,3.420e-03
+16,2026-08-21T23:20:03,2026-08-23T16:20:42,41.011,0,245,123,-0.0426,0.5436,-0.08,0.0226,0.8040,5.382e-04,3.291e-03
+17,2026-08-25T15:10:11,2026-08-26T09:29:53,18.329,0,108,54,-0.1532,0.5395,-0.28,-0.0833,0.5495,7.299e-04,2.692e-03

--- head/batch_aggregate.csv
+++ current/batch_aggregate.csv
@@ -2,11 +2,11 @@
 n_segments,17
 negative_r_segments,12
 binomial_p,1.434631e-01
-stouffer_z_sign,-3.484308
-stouffer_p_sign,4.934117e-04
-fisher_chi2,62.135266
-fisher_p,2.258599e-03
-fisher_z_weighted_r,-0.115806
-amplitude_A,-0.573460
-amplitude_uA,0.114403
-amplitude_sigma,5.012643
+stouffer_z_sign,-3.481006
+stouffer_p_sign,4.995352e-04
+fisher_chi2,62.100227
+fisher_p,2.278978e-03
+fisher_z_weighted_r,-0.115668
+amplitude_A,-0.573361
+amplitude_uA,0.114504
+amplitude_sigma,5.007348

batch_forest.png: head=b86afd659df2dca5c47b167f4f171009450fba42733b5a9b4a9aac516f7be12d current=c0d1fde270f42b7fa01f3081c8238fbeb340a24cfbfd7573384f83e85fe74ab6
batch_shared_axis.png: head=65c3ff99ca838e6945dc132c52ff486f6ec0a214a8f5d9ee545824c40a567617 current=ec342679809cb6f0cd2337301ed3f1feeba8ee7b5133cff63ee64e6f5aa83afd
