command_exit_code=0
--- before/batch_summary.csv
+++ after/batch_summary.csv
@@ -1,18 +1,18 @@
 group,t_start_beijing,t_end_beijing,hours,n_jump,n_pts,n_inference_pts,A,u_A,A_over_uA,r,p,tide_rms_hz,noise_std_hz
-1,2026-06-29T10:06:28,2026-06-30T04:59:58,18.892,0,112,56,-0.9054,0.3573,-2.53,-0.3021,0.0237,9.391e-04,2.669e-03
-2,2026-06-30T12:00:01,2026-06-30T20:11:25,8.190,2,48,24,-0.5407,0.5193,-1.04,-0.4480,0.0281,6.140e-04,2.171e-03
-3,2026-07-01T15:58:41,2026-07-02T03:53:34,11.915,3,70,35,-0.9971,0.3470,-2.87,-0.4397,0.0082,1.109e-03,2.838e-03
-4,2026-07-02T14:00:01,2026-07-03T07:51:20,17.856,2,106,53,-0.2759,0.3452,-0.80,-0.0646,0.6461,9.640e-04,2.403e-03
-5,2026-07-03T17:34:22,2026-07-03T22:59:59,5.427,0,31,16,-1.8465,1.0517,-1.76,-0.4523,0.0786,7.435e-04,3.532e-03
-6,2026-07-04T19:30:46,2026-07-05T09:59:59,14.487,0,85,43,-0.1607,0.3675,-0.44,0.1279,0.4137,7.804e-04,1.943e-03
-7,2026-07-05T13:00:01,2026-07-05T23:59:59,11.000,0,64,32,-0.6065,0.6517,-0.93,0.0769,0.6756,6.796e-04,2.568e-03
-8,2026-07-06T21:45:16,2026-07-07T09:51:57,12.112,1,71,36,0.3807,0.9406,0.40,-0.0295,0.8643,6.871e-04,5.377e-03
-9,2026-08-07T15:15:00,2026-08-07T21:29:59,6.250,0,36,18,2.5602,3.2572,0.79,0.1569,0.5342,1.658e-04,2.843e-03
-10,2026-08-07T22:15:00,2026-08-08T14:20:53,16.098,2,95,48,-0.8984,0.6135,-1.46,-0.1809,0.2186,7.629e-04,2.888e-03
-11,2026-08-09T00:00:00,2026-08-09T09:57:15,9.954,2,58,29,-0.8551,2.1800,-0.39,-0.0781,0.6872,3.862e-04,4.187e-03
-12,2026-08-10T12:47:06,2026-08-10T23:59:59,11.215,0,66,33,-0.2227,0.5793,-0.38,-0.1480,0.4112,1.269e-03,4.130e-03
-13,2026-08-11T05:30:00,2026-08-12T23:59:59,42.500,0,254,127,-0.3182,0.3173,-1.00,-0.0365,0.6841,1.193e-03,4.030e-03
-14,2026-08-13T18:56:58,2026-08-14T14:00:35,19.061,3,113,57,-1.0820,0.2817,-3.84,-0.5059,0.0001,9.178e-04,2.479e-03
-15,2026-08-21T00:40:03,2026-08-21T16:40:55,16.015,0,95,48,0.1484,0.8700,0.17,0.0838,0.5713,4.996e-04,3.415e-03
-16,2026-08-21T23:20:01,2026-08-23T16:20:50,41.014,0,245,123,-0.0426,0.5427,-0.08,0.0216,0.8125,5.382e-04,3.288e-03
-17,2026-08-25T15:09:41,2026-08-26T09:29:53,18.337,0,109,55,-0.1199,0.5137,-0.23,-0.0515,0.7089,7.309e-04,2.619e-03
+1,2026-06-29T10:06:29,2026-06-30T04:59:57,18.891,0,112,56,-0.9055,0.3579,-2.53,-0.3018,0.0238,9.391e-04,2.673e-03
+2,2026-06-30T12:00:05,2026-06-30T20:11:25,8.189,2,48,24,-0.5355,0.5211,-1.03,-0.4433,0.0300,6.138e-04,2.173e-03
+3,2026-07-01T15:58:43,2026-07-02T03:53:33,11.914,3,70,35,-0.9970,0.3479,-2.87,-0.4387,0.0084,1.109e-03,2.838e-03
+4,2026-07-02T14:00:01,2026-07-03T07:51:20,17.856,2,106,53,-0.2759,0.3454,-0.80,-0.0644,0.6470,9.640e-04,2.404e-03
+5,2026-07-03T17:34:22,2026-07-03T22:59:53,5.426,0,31,16,-1.8466,1.0520,-1.76,-0.4523,0.0786,7.435e-04,3.533e-03
+6,2026-07-04T19:30:47,2026-07-05T09:59:46,14.483,0,85,43,-0.1609,0.3678,-0.44,0.1282,0.4127,7.804e-04,1.945e-03
+7,2026-07-05T13:00:32,2026-07-05T23:59:17,10.979,0,64,32,-0.6181,0.6610,-0.94,0.0404,0.8263,6.794e-04,2.542e-03
+8,2026-07-06T21:45:49,2026-07-07T09:51:53,12.101,1,71,36,0.3847,1.0467,0.37,-0.0145,0.9330,6.872e-04,5.243e-03
+9,2026-08-07T15:15:03,2026-08-07T21:29:58,6.249,0,36,18,2.5657,3.2603,0.79,0.1599,0.5263,1.658e-04,2.844e-03
+10,2026-08-07T22:15:02,2026-08-08T14:20:39,16.094,2,95,48,-0.8980,0.6142,-1.46,-0.1807,0.2189,7.629e-04,2.889e-03
+11,2026-08-09T00:00:05,2026-08-09T09:57:08,9.951,2,58,29,-0.8573,2.1806,-0.39,-0.0758,0.6960,3.862e-04,4.189e-03
+12,2026-08-10T12:47:27,2026-08-10T23:59:52,11.207,0,66,33,-0.2258,0.5763,-0.39,-0.1474,0.4130,1.269e-03,4.150e-03
+13,2026-08-11T05:30:06,2026-08-12T23:59:59,42.498,0,253,127,-0.3149,0.3170,-0.99,-0.0380,0.6717,1.192e-03,4.034e-03
+14,2026-08-13T18:56:58,2026-08-14T14:00:35,19.061,3,113,57,-1.0820,0.2820,-3.84,-0.5056,0.0001,9.178e-04,2.482e-03
+15,2026-08-21T00:40:03,2026-08-21T16:40:51,16.014,0,95,48,0.1487,0.8709,0.17,0.0840,0.5704,4.996e-04,3.420e-03
+16,2026-08-21T23:20:03,2026-08-23T16:20:42,41.011,0,245,123,-0.0426,0.5436,-0.08,0.0226,0.8040,5.382e-04,3.291e-03
+17,2026-08-25T15:10:11,2026-08-26T09:29:53,18.329,0,108,54,-0.1532,0.5395,-0.28,-0.0833,0.5495,7.299e-04,2.692e-03

--- before/batch_aggregate.csv
+++ after/batch_aggregate.csv
@@ -2,11 +2,11 @@
 n_segments,17
 negative_r_segments,12
 binomial_p,1.434631e-01
-stouffer_z_sign,-3.414532
-stouffer_p_sign,6.389171e-04
-fisher_chi2,62.294077
-fisher_p,2.168376e-03
-fisher_z_weighted_r,-0.113154
-amplitude_A,-0.567914
-amplitude_uA,0.113947
-amplitude_sigma,4.983997
+stouffer_z_sign,-3.481006
+stouffer_p_sign,4.995352e-04
+fisher_chi2,62.100227
+fisher_p,2.278978e-03
+fisher_z_weighted_r,-0.115668
+amplitude_A,-0.573361
+amplitude_uA,0.114504
+amplitude_sigma,5.007348

batch_forest.png: before=84098169164be632427e2a36fc7766a01e77d8d819680dc4e4f6a4786060e4fc after=791095961ccd817ef04293b821b18115b64d43a49e71c60502f21de0bc4a7079
batch_shared_axis.png: before=b6a91e262ffa7c1e04698d58977d291e71686c0e89bb3b86369dfd046091e381 after=7e8bdb49fbfdeaa3fe3191e0f5d17d6365f9f3abd5eb6e65ebbb774e91864e61
